4
6
9
15
25
35
49
58
69
77
87
93
106
119
133
753
842
1263
3183
3561
3595
7149
7217
7421
22677
23223
44467
45223
94409
116759
120667
155219957
173446499
207551681
505078969
1714669937
2076838793
2965638043
3447499487
5193899957
8199384169
11176065911
13874946983
18802131553
26259387023
27976890433
30376444093
40316378009
49464121667
69063672719
90347106859
96273383551
105706250249
121173506959
145024256543
172947360779
202007623943
243663478109
292587984251
362632713731
492748951757
642868180417
814118123881
1104746774959
1564530844537
2106053453939
2886474641873
900150065895001
20002264345266001
160015717182228827
160023242443181479
160037911045399507
160056420942588959
160083974215171547
250112070556896139
250130226954542339
302650489912015543
302664199475452223
360208183288669237
360227468319884653
360262102489237097
525315945999584177
680004664757988253
855007794267756707