2 2 
2 3 
3 3 
3 5 
5 5 
5 7 
7 7 
2 29 
3 23 
7 11 
3 29 
3 31 
2 53 
7 17 
7 19 
3 251 
2 421 
3 421 
3 1061 
3 1187 
5 719 
3 2383 
7 1031 
41 181 
3 7559 
3 7741 
53 839 
41 1103 
7 13487 
53 2203 
67 1801 
12377 12541 
13121 13219 
14149 14669 
22259 22691 
41221 41597 
45329 45817 
54269 54647 
58453 58979 
71867 72271 
86677 94597 
102881 108631 
117701 117883 
133253 141101 
161639 162457 
167119 167407 
169607 179099 
198301 203309 
214967 230101 
262391 263209 
300413 300743 
309737 310823 
325001 325249 
347779 348421 
377873 383791 
411751 420029 
435139 464237 
487211 500119 
536773 545087 
601903 602477 
701419 702503 
800999 802583 
901973 902597 
1001977 1102567 
1201381 1302277 
1401971 1502209 
1602389 1801357 
30001901 30003101 
100002593 200017457 
400017713 400021579 
400028137 400029967 
400047203 400047569 
400064999 400076041 
400104541 400105367 
500111743 500112373 
500129891 500130529 
550136603 550136981 
550148411 550150093 
600173239 600173683 
600188753 600190301 
600217991 600218767 
700218703 750216959 
800002639 850003027 
900004181 950004247 
