4
40839
84782
129854
175531
222217
269065
316023
363914
411431
459541
508057
556474
605507
653917
702931
752098
801749
851213
900889
950389
999811
1049783
1099759
1150039
1200659
1250659
1301111
1351411
1402349
1452661
1503669
1554145
1604774
1655543
1706806
1757498
1808578
1859833
1911298
1962863
2014162
2065511
2117014
2168457
2219541
2271629
2322751
2374093
2425853
2477498
2529377
2581303
2633249
2685145
2737177
2789153
2841929
2893669
2945603
2997685
3049477
3101801
3154555
3207449
3259883
3312329
3363891
3417033
3469529
3521393
3573359
3626438
3678911
3732087
3784193
3837034
3889749
3942761
3995086
4048333
4101233
4153657
4206799
4259558
4312037
4364553
4417786
4471447
4524389
4577369
4630565
4683911
4737391
4790263
4843486
4897067
4950537
5004094
5057207
5110165
5163541
5217119
5270519
5323901
5377594
5430706
5484127
5537366
5590531
5643559
5696989
5750662
5803829
5857426
5911445
5965342
6018983
6072459
6126227
6179905
6233453
6287473
6341579
6394591
6447809
6501826
6555487
6609962
6663709
6717847
6771857
6825137
6879733
6933886
6988407
7042999
7097009
7150903
7204718
7258569
7312911
7366771
7420799
7474517
7528421
7582565
7637122
7691287
7745313
7799014
7853645
7907987
7962229
8016626
8070878
8124719
8178629
8233493
8287829
8342259
8396511
8450215
8504707
8559673
8614493
8669257
8724091
8778439
8833057
8886923
8941538
8995859
9049933
9104785
9158959
9213934
9268345
9323093
9377563
9432001
9486337
9540953
9595983
9650402
9704929
9759781
9813959
9868701
9923093
9977453
10031773
10087087
10141799
10195982
10250707
10305674
10360349
10415579
10470921
10525813
10580879
10635806
10691041
10746091
10800521
10855322
10910393
10965619
11020045
11075453
11130553
11185666
11240345
11295699
11350483
11405119
11460062
11515081
11570665
11626397
11680933
11736289
11791159
11845631
11901243
11956634
12011837
12066949
12121843
12177053
12232223
12287105
12342451
12398539
12453841
12508586
12563582
12618893
12673587
12729533
12785398
12840587
12896053
12950863
13005878
13060946
13115811
13170611
13226453
13281605
13336899
13392347
13447177
13502053
13557309
13613331
13668801
13724257
13779233
13834963
13890603
13946194
14001157
14056058
14111429
14166998
14221807
14277863
14333563
14389941
14445245
14500559
14555847
14611573
14666803
14722423
14778199
14833901
14889301
14944847
14999923
15055969
15111058
15166963
15222107
15278251
15333853
15388973
15444217
15500071
15556474
15612347
15668201
15723553
15778843
15834343
15890642
15946258
16001807
16057165
16112969
16168629
16224877
16280711
16336081
16391546
16447603
16503599
16558791
16614889
16671142
16726673
16782979
16839094
16895033
16950949
17007493
17063209
17118989
17174333
17229565
17285722
17342498
17398481
17454589
17511238
17566853
17622993
17678469
17734606
17790394
17846043
17902102
17958481
18014638
18070163
18125989
18181639
18237991
18294459
18350639
18406373
18462029
18517351
18573701
18629737
18685985
18742103
18798023
18854243
18909805
18966349
19021907
19078203
19134637
19190481
19246287
19302373
19358894
19415387
19471535
19527511
19583131
19639234
19695297
19751366
19808038
19864279
19920742
19977158
20033843
20089957
20145641
20201879
20257831
20313899
20370361
20426507
20482234
20538383
20595059
20651187
20708299
20764382
20820266
20876378
20932473
20988659
21045261
21101194
21157181
21213363
21269506
21326173
21382507
21438691
21495773
21551759
21608409
21664726
21721313
21778115
21834227
21890786
21947683
22003889
22061003
22116227
22172281
22227953
22284473
22340651
22396533
22452749
22509307
22566477
22623245
22679497
22736499
22792641
22848937
22905777
22962227
23019023
23075543
23131441
23188223
23244443
23301417
23358461
23414311
23471149
23527417
23583839
23640223
23697079
23752913
23809433
23865791
23922526
23978987
24035597
24092637
24148855
24205811
24262883
24319762
24376403
24433499
24489658
24546201
24602869
24659027
24716533
24773039
24829165
24885723
24942002
24998681
25055351
25112509
25168718
25224919
25281451
25338433
25394827
25451095
25507759
25564573
25621179
25677653
25734251
25791526
25848843
25905578
25962263
26018978
26075803
26132711
26189342
26245951
26302345
26359163
26416681
26473189
26530367
26587443
26644111
26700819
26757046
26813801
26870755
26928047
26985082
27042214
27099759
27156583
27212857
27269299
27325707
27382591
27439739
27496751
27553763
27611039
27667642
27724101
27781327
27837867
27894791
27952149
28009309
28065903
28122935
28179823
28236986
28294223
28350929
28408013
28464913
28521931
28578614
28635601
28692793
28749262
28805747
28863121
28920229
28976699
29034021
29090749
29147645
29204257
29261065
29318937
29376443
29432589
29489293
29546431
29603306
29660567
29717899
29774611
29831393
29889385
29947143
30004469
30061894
30118927
30176086
30233623
30290686
30348095
30405553
30461731
30518921
30576281
30633665
30691361
30748371
30805527
30862891
30920403
30976887
31033241
31089761
31147121
31203413
31260527
31318163
31374886
31431646
31488313
31544897
31602838
31659898
31716703
31773901
31831433
31888887
31945835
32003233
32059967
32117839
32174639
32231674
32288951
32346518
32404091
32461201
32518471
32576051
32633521
32690893
32748089
32804894
32861617
32918747
32976617
33033603
33090647
33147979
33205307
33262837
33320029
33377657
33435643
33492629
33549358
33606627
33663743
33721277
33778861
33836329
33893311
33950327
34007239
34063927
34121561
34178251
34234933
34292086
34348937
34406111
34463453
34521177
34578393
34635413
34691907
34749139
34806491
34863245
34921371
34978621
35035939
35092742
35150039
35207162
35264755
35322603
35379653
35437463
35494685
35552497
35609609
35667215
35724477
35782313
35839802
35896517
35953673
36011201
36068651
36126443
36183901
36241067
36299558
36357157
36414601
36471463
36528841
36586281
36643379
36700517
36758233
36815927
36872894
36929318
36987803
37045742
37103007
37160961
37218547
37275101
37332466
37390333
37447811
37505813
37563377
37621091
37678546
37736257
37793851
37851233
37908237
37965955
38023369
38081293
38138939
38196674
38254094
38312471
38369699
38427387
38485327
38542645
38600143
38657162
38715605
38773195
38831291
38889265
38947478
39004481
39062074
39119923
39177934
39235631
39293794
39352021
39409421
39467074
39525445
39582503
39640789
39698342
39755798
39813715
39870839
39928085
39985411
40042833
40100642
40158521
40215803
40273973
40332207
40390439
40447789
40505657
40563093
40620481
40678129
40736467
40794439
40852289
40909507
40966977
41024486
41082037
41139889
41197627
41254989
41312681
41370227
41427214
41485207
41542907
41600066
41657359
41715167
41772777
41831047
41889238
41946487
42003866
42061442
42118985
42177494
42235394
42293701
42351809
42409174
42467023
42525377
42582737
42640387
42698273
42755763
42813865
42870989
42928369
42985631
43043402
43101277
43158958
43216589
43274213
43332313
43390229
43447955
43506201
43564142
43621791
43679053
43736881
43794343
43851979
43909585
43968149
44025779
44083714
44141047
44199367
44257067
44315237
44372698
44431053
44488993
44546618
44605417
44663341
44721681
44779781
44837151
44895359
44953297
45011245
45069751
45127363
45184987
45243337
45301717
45360367
45418006
45476773
45534293
45592667
45650679
45708409
45766649
45823907
45882159
45940322
45997883
46055743
46113374
46171222
46229493
46286993
46344827
46403017
46461106
46519309
46576627
46635107
46692961
46750673
46809337
46866871
46924867
46982773
47040943
47098138
47156666
47215097
47272877
47331073
47389094
47447035
47505545
47563247
47620982
47678489
47736893
47794427
47852671
47910901
47968499
48026063
48083461
48142099
48200038
48257761
48315893
48373414
48431519
48489697
48547743
48605633
48663271
48720769
48778341
48836829
48895271
48953494
49011289
49069591
49127665
49185646
49244237
49302217
49360171
49418497
49476838
49535303
49593746
49651851
49709901
49768021
49825918
49884781
49943318
50001431
50059222
50117559
50175413
50233234
50291335
50350011
50407657
50465977
50524535
50582846
50641109
50699127
50757557
50815529
50874013
50931589
50989379
51047522
51105749
51163726
51221887
51279931
51338189
51396963
51454943
51513173
51571939
51629987
51687001
51745579
51804482
51863111
51921095
51979071
52037203
52095605
52153529
52211347
52269214
52327403
52385849
52443722
52502182
52560167
52618394
52676719
52735069
52793221
52850951
52909513
52967702
53025801
53084501
53142461
53200527
53259158
53317859
53375353
53433374
53491727
53549926
53607634
53666247
53724431
53782745
53840337
53898717
53957021
54015329
54073643
54132341
54189899
54248063
54306095
54364537
54422399
54480758
54539686
54598282
54656801
54714454
54772439
54830845
54888071
54946462
55005289
55063941
55122598
55180717
55238857
55296811
55355327
55413769
55472099
55529986
55588514
55647115
55706223
55764821
55822871
55880873
55938747
55997369
56055419
56114933
56173793
56232191
56290253
56348543
56406995
56464367
56522989
56581342
56639441
56698959
56758102
56816773
56874478
56933237
56991367
57049779
57108385
57167315
57225494
57283715
57342803
57401249
57459443
57517521
57576286
57634487
57692573
57750689
57809047
57867263
57925651
57983969
58042445
58100906
58159457
58217827
58276142
58334305
58393231
58451278
58509722
58568843
58627193
58685587
58743969
58802747
58861874
58920473
58978574
59037127
59095367
59153858
59212082
59270069
59328617
59386561
59444851
59503517
59562409
59621347
59679507
59737346
59796049
59854789
59912903
59970914
60029479
60087421
60145706
60204057
60263114
60321323
60380247
60439111
60497637
60555718
60613991
60673259
60731561
60790241
60849291
60908173
60966469
61025626
61083427
61141633
61199747
61258642
61316522
61374727
61433171
61491929
61550141
61608187
61666805
61725119
61783454
61842091
61900649
61959533
62018479
62077017
62136389
62194933
62252977
62311667
62370947
62429366
62487806
62546345
62604241
62662453
62721209
62780483
62839367
62897651
62956346
63015149
63073761
63132193
63190481
63249439
63308486
63366742
63425462
63484959
63543317
63601877
63660427
63718447
63777601
63836923
63895711
63954313
64012713
64071479
64130554
64188899
64247257
64306381
64364611
64423533
64482133
64540947
64598815
64657111
64715642
64773854
64832371
64890949
64949791
65008474
65067359
65125357
65183821
65242319
65301199
65359909
65418622
65477939
65536495
65594933
65653447
65712217
65770643
65829499
65887795
65946649
66005806
66064918
66123469
66182223
66241699
66300587
66359751
66418799
66477667
66536497
66594863
66654074
66713222
66771317
66829505
66888733
66947159
67005817
67065007
67123054
67182123
67240949
67300427
67359667
67418387
67477682
67536401
67595333
67653107
67711958
67770869
67829579
67888397
67947699
68006447
68065531
68124061
68182319
68241365
68300283
68359066
68417913
68477001
68535449
68593961
68652677
68711981
68770363
68828429
68888093
68946029
69005251
69063542
69122099
69181149
69239479
69298183
69357803
69417259
69476045
69534929
69593834
69652767
69712003
69770957
69829609
69888341
69946963
70005395
70064327
70123219
70182401
70241186
70300691
70359307
70418102
70477178
70535987
70594922
70653113
70711889
70771063
70829229
70887881
70947229
71005789
71064417
71123551
71182535
71241845
71300431
71359298
71418586
71477918
71537117
71595767
71654809
71713221
71771729
71830573
71889698
71948467
72006873
72065711
72125398
72184443
72243907
72303287
72362153
72421113
72479533
72538409
72596969
72655709
72714731
72773023
72832286
72891659
72950354
73009389
73068323
73127179
73185437
73244337
73303502
73362857
73421413
73480445
73539301
73598581
73657321
73716931
73775721
73835122
73893613
73952607
74011162
74069267
74127671
74186781
74245354
74303806
74362685
74422045
74481391
74540387
74599597
74658377
74717054
74776318
74835415
74894503
74953577
75012131
75070855
75129974
75189097
75248227
75307421
75366519
75425919
75485037
75543833
75602755
75662221
75721322
75780791
75839831
75899251
75958213
76017707
76076345
76135195
76194215
76252903
76311559
76370061
76428997
76487443
76546553
76604894
76663817
76722491
76781347
76840463
76899374
76958581
77018483
77077469
77136473
77195845
77255129
77313571
77373014
77431135
77489993
77548551
77607517
77666102
77725213
77784038
77842749
77902186
77961778
78020654
78079631
78138677
78197753
78256627
78315007
78373711
78432689
78491507
78551303
78610094
78668867
78727791
78787634
78846359
78905103
78964831
79023129
79082429
79142062
79200641
79258867
79317991
79376731
79436326
79495413
79554563
79613266
79672627
79732091
79790737
79849783
79909017
79968223
80026586
80086147
80145277
80204089
80263483
80323079
80381846
80441527
80501149
80560006
80618527
80677511
80736441
80795863
80855438
80914857
80974174
81034003
81093169
81153199
81212323
81271589
81329803
81389329
81448574
81507797
81566074
81625807
81684787
81743903
81802921
81862538
81921461
81980803
82040393
82099942
82158946
82217285
82276187
82335049
82394231
82453573
82512527
82572109
82631006
82690609
82749729
82809283
82869357
82928266
82987481
83046797
83105403
83164747
83223331
83282714
83341873
83400733
83459807
83519207
83578829
83637529
83695834
83755331
83814663
83874346
83933683
83993899
84052909
84110893
84170539
84229378
84288602
84347723
84406789
84465985
84525423
84584329
84642787
84702259
84761294
84820187
84879253
84937917
84997117
85055497
85115279
85174779
85233985
85293146
85352723
85411961
85471622
85530917
85589857
85648973
85708319
85767951
85827539
85886539
85945971
86005301
86064679
86124763
86183095
86242139
86301433
86360737
86419829
86479702
86539171
86597881
86657066
86716037
86775409
86835161
86894363
86953571
87012571
87071923
87130493
87190205
87249671
87309101
87368258
87426821
87486083
87545881
87605317
87664699
87723809
87782885
87842437
87901169
87960241
88019961
88079897
88138654
88198333
88258957
88318067
88377641
88437073
88495807
88554185
88613545
88673069
88732607
88791791
88851299
88910989
88970357
89029438
89088411
89147771
89207017
89266981
89325903
89385077
89444469
89503417
89562467
89621707
89680511
89739233
89798019
89857279
89916469
89975285
90034715
90094453
90153731
90213421
90272733
90332777
90392245
90451678
90511053
90570145
90629159
90687985
90747133
90807107
90866689
90926029
90985559
91044847
91103807
91163111
91222787
91282429
91341958
91401637
91460609
91519627
91578957
91638407
91698709
91758031
91816969
91875653
91934866
91994797
92053909
92113262
92172767
92232503
92291919
92350843
92410337
92470043
92529241
92588722
92648495
92707991
92767399
92827138
92886537
92945863
93004663
93063677
93123087
93182827
93241897
93301426
93360983
93420218
93480085
93539659
93598567
93657779
93716723
93776533
93835757
93895294
93954587
94014139
94074262
94133973
94193117
94253009
94312097
94371202
94430839
94490839
94550455
94610095
94669301
94728415
94787619
94848269
94908202
94968226
95027489
95086613
95146189
95205758
95265233
95325013
95384495
95444147
95503901
95563569
95622407
95681819
95740717
95800063
95859989
95919787
95979641
96038858
96098446
96158339
96217307
96276874
96336223
96395762
96455641
96514562
96574151
96633965
96693937
96753217
96812623
96872302
96930887
96990745
97050497
97109909
97169395
97227813
97287793
97347386
97406823
97467197
97527451
97587662
97646401
97706318
97765491
97825681
97885009
97945214
98004395
98063969
98122709
98181931
98241634
98301479
98361058
98420471
98480333
98540659
98600287
98659753
98718721
98777429
98836813
98895938
98954503
99013801
99074209
99133435
99192662
99252073
99311057
99371009
99430571
99490407
99549521
99609897
99669806
99728938
99787541
99847262
99907241
99966659
100026143
100085855
100145429
100205185
100264467
100324178
100383667
100442869
100502323
100562001
100621229
100680395
100739883
100799489
100858867
100918977
100978853
101038677
101098589
101158297
101217961
101277573
101337077
101396527
101455979
101515619
101575041
101634697
101693927
101753621
101813201
101872893
101933023
101992805
102053109
102112743
102172514
102232145
102292347
102352505
102412157
102471526
102531586
102591439
102651071
102710977
102770351
102829773
102889537
102949279
103008701
103068542
103128173
103187405
103246619
103306622
103366805
103426306
103485997
103545119
103604077
103663401
103723391
103782895
103842421
103902067
103962037
104022581
104082854
104142659
104202299
104263135
104322741
104382183
104442067
104501851
104561602
104621243
104680487
104739743
104799121
104859569
104918917
104978359
105038039
105097742
105157837
105217822
105277006
105336649
105396537
105456014
105515635
105575417
105634799
105694214
105753946
105814103
105873617
105933353
105992914
106052449
106112278
106171671
106231569
106290739
106350502
106410101
106470047
106529746
106589771
106648643
106708391
106768286
106827771
106887631
106946913
107006866
107066623
107126517
107186741
107247143
107306543
107366158
107426499
107486159
107545649
107605642
107665923
107725871
107785541
107845003
107905097
107964173
108023389
108083113
108143123
108202645
108262883
108322882
108383155
108443603
108503651
108563902
108623542
108682863
108742573
108802501
108862211
108921314
108981238
109040781
109100487
109160463
109220239
109280081
109339493
109399567
109459951
109519817
109579919
109639469
109699139
109758907
109819415
109879583
109939331
109999019
110059491
110119654
110178507
110237793
110297487
110356273
110416199
110476127
110535989
110595553
110655457
110715743
110775802
110835421
110895145
110954531
111015101
111074681
111134645
111194461
111253735
111313133
111373161
111432327
111491851
111550459
111610441
111670259
111730679
111790661
111850958
111910967
111970226
112030001
112090459
112150354
112210654
112269923
112329782
112389713
112449079
112508393
112567843
112627419
112687539
112747647
112807733
112867754
112927591
112987131
113046797
113107447
113167507
113227097
113287154
113346829
113406127
113465721
113525455
113584931
113644697
113704459
113763997
113823761
113883067
113943185
114002659
114062161
114122487
114182113
114241486
114301673
114361757
114421438
114480481
114539798
114598774
114659619
114719001
114778882
114838687
114898363
114958463
115018037
115078435
115137569
115197833
115257651
115317849
115376951
115436573
115497079
115556615
115616969
115677049
115737179
115796749
115856282
115916657
115977391
116037797
116097497
116157365
116216962
116276561
116336317
116396297
116456735
116516186
116575717
116636018
116695919
116755778
116814821
116873971
116934689
116994911
117054683
117114659
117174299
117234349
117293798
117353991
117413459
117473479
117533207
117593197
117652829
117712381
117772051
117832697
117891727
117952502
118012067
118072381
118131771
118192114
118251839
118312141
118371074
118431749
118491809
118551371
118611494
118671223
118731617
118791233
118850513
118909933
118969301
119029389
119088959
119148922
119208347
119268143
119328439
119388131
119448263
119508313
119567918
119627967
119687549
119747323
119807293
119868113
119928157
119988671
120048463
120109357
120169109
120229403
120289503
120348483
120408569
120468377
120527863
120587981
120647937
120708161
120767315
120825802
120886301
120946135
121006247
121066766
121127033
121186994
121246886
121305941
121366687
121426113
121486667
121545703
121606447
121665542
121725623
121785673
121845226
121905515
121965313
122025839
122085805
122145567
122205491
122265601
122325358
122385211
122444818
122504183
122564073
122624869
122685169
122745461
122805769
122865887
122926127
122985571
123045245
123105574
123165577
123225839
123286561
123345949
123406453
123466199
123525903
123585973
123646073
123706497
123766871
123826991
123886829
123947129
124007551
124067063
124127173
124187597
124247779
124308538
124368603
124428913
124488503
124548403
124608157
124667638
124727987
124789051
124848853
124908931
124969085
125028907
125088891
125148919
125209391
125269689
125329982
125389861
125449559
125509558
125568941
125628905
125688747
125749045
125809921
125869693
125930253
125990815
126050842
126111574
126171539
126231887
126291703
126351835
126411926
126471883
126531794
126592079
126652535
126712319
126772322
126832067
126891959
126951347
127011943
127072493
127132861
127192931
127252833
127312495
127372241
127432505
127492467
127552718
127612447
127671815
127732287
127792003
127852163
127912069
127972282
128032979
128093491
128153282
128212711
128272834
128332833
128392817
128452469
128513239
128573534
128634127
128694343
128754898
128815107
128875603
128935637
128996481
129056383
129115622
129176373
129236681
129296735
129357038
129417538
129478187
129538407
129598627
129658657
129718597
129779519
129839383
129898969
129958427
130018469
130077746
130137874
130198071
130257919
130318186
130378493
130438921
130498577
130558353
130618459
130678373
130739179
130799554
130859539
130920091
130979949
131040466
131100803
131161354
131220923
131281239
131341949
131402489
131462423
131522306
131582381
131642299
131703199
131763767
131823143
131882687
131942626
132002691
132062689
132121793
132182374
132242885
132303811
132363358
132423419
132483551
132543919
132603917
132663158
132723247
132783029
132843265
132903583
132963802
133023866
133084533
133145111
133204891
133264041
133324361
133384423
133445174
133505222
133564609
133624765
133685066
133744609
133805015
133864946
133925249
133985199
134045409
134105294
134165953
134226007
134286595
134346782
134406995
134467327
134527857
134587291
134647269
134707533
134768327
134828186
134888777
134949301
135009129
135069483
135130117
135189365
135249907
135310405
135370373
135430259
135490513
135550498
135610114
135670061
135729713
135789754
135850199
135909493
135969657
136030071
136089935
136149749
136209943
136270514
136330431
136391129
136451659
136512458
136572746
136633015
136693507
136754237
136814209
136874503
136934493
136994485
137054594
137115273
137174771
137234855
137295358
137355263
137416157
137477149
137537549
137597873
137658473
137717914
137777761
137837957
137898394
137958787
138017333
138077951
138138085
138198041
138257807
138318413
138379107
138439397
138499781
138559927
138619958
138679691
138739477
138799849
138860753
138920797
138981329
139041395
139101961
139161851
139222133
139282459
139342579
139402901
139463601
139523271
139583441
139643953
139704259
139764685
139825303
139884977
139946029
140006413
140067177
140126515
140187155
140246711
140307313
140367403
140427649
140487586
140547545
140608378
140668611
140729069
140789017
140848591
140908351
140968487
141028631
141088958
141149069
141208669
141269417
141330289
141391147
141450937
141510581
141571454
141631663
141692507
141752777
141813181
141873101
141933859
141993923
142054646
142115323
142175563
142236573
142296443
142357827
142418887
142478621
142538271
142598422
142659035
142719617
142779977
142840015
142900931
142961197
143022127
143082743
143142989
143203003
143263507
143324147
143384599
143445461
143505823
143566757
143626861
143686637
143747561
143807978
143868245
